UV_Value: 15
KT_Value: 0
OT_Value: 100
OC_Value: 0.8
ACC: 2
DEC: -2
MAX_SPD: 600
MST_ID: 0
ESC_ID: 1
TIMEOUT: 0
cmode: 1
Damp: 0
Inertia: 1.8E-05
hw_ver: 1445998643
sw_ver: 942878775
SN: 1412444213
POLE: 14
Rs: 0.85
Ls: 0.000345
Flux: 0.0045
Gr: 10
PMAX: 12.5
VMAX: 30
TMAX: 10
I_BW: 1000
KP_ASR: 0.00372
KI_ASR: 0.002
KP_APR: 54
KI_APR: 0
OV_Value: 32
GREF: 1
Deta: 4
V_BW: 40
IQ_cl: 2500
VL_cl: 100
can_br: 4
sub_ver: 49
